20
200
300
0 10 15 20 30 40 35 25 30 20 15 25 30 45 50 55 60 65 70 75
10 0 35 25 40 50 45 35 40 30 25 35 40 55 60 65 70 75 80 85
15 35 0 30 50 60 55 45 50 40 35 45 50 65 70 75 80 85 90 95
20 25 30 0 45 55 50 40 45 35 30 40 45 60 65 70 75 80 85 90
30 40 50 45 0 10 25 35 40 50 55 45 40 55 60 65 70 75 80 85
40 50 60 55 10 0 35 45 50 60 65 55 50 65 70 75 80 85 90 95
35 45 55 50 25 35 0 10 15 25 30 20 15 30 35 40 45 50 55 60
25 35 45 40 35 45 10 0 20 30 35 25 20 35 40 45 50 55 60 65
30 40 50 45 40 50 15 20 0 10 15 5 10 25 30 35 40 45 50 55
20 30 40 35 50 60 25 30 10 0 5 15 20 35 40 45 50 55 60 65
15 25 35 30 55 65 30 35 15 5 0 10 15 30 35 40 45 50 55 60
25 35 45 40 45 55 20 25 5 15 10 0 5 20 25 30 35 40 45 50
30 40 50 45 40 50 15 20 10 20 15 5 0 15 20 25 30 35 40 45
45 55 65 60 55 65 30 35 25 35 30 20 15 0 5 10 15 20 25 30
50 60 70 65 60 70 35 40 30 40 35 25 20 5 0 5 10 15 20 25
55 65 75 70 65 75 40 45 35 45 40 30 25 10 5 0 5 10 15 20
60 70 80 75 70 80 45 50 40 50 45 35 30 15 10 5 0 5 10 15
65 75 85 80 75 85 50 55 45 55 50 40 35 20 15 10 5 0 5 10
70 80 90 85 80 90 55 60 50 60 55 45 40 25 20 15 10 5 0 5
75 85 95 90 85 95 60 65 55 65 60 50 45 30 25 20 15 10 5 0
